0.000000 0.000000
551.200000 996.400000
627.400000 996.400000
703.600000 996.400000
703.600000 1047.200000
627.400000 1047.200000
551.200000 1047.200000
881.400000 1352.000000
932.200000 1352.000000
957.600000 1352.000000
983.000000 1352.000000
1008.400000 1352.000000
1033.800000 1352.000000
1313.200000 1123.400000
1287.800000 1098.000000
1287.800000 996.400000
1313.200000 996.400000
1465.600000 996.400000
1516.400000 996.400000
1592.600000 996.400000
1592.600000 1098.000000
1516.400000 1098.000000
1465.600000 1098.000000
1567.200000 1123.400000
1592.600000 1148.800000
1567.200000 1174.200000
1541.800000 1174.200000
1491.000000 1174.200000
1440.200000 1174.200000
1465.600000 1199.600000
1414.800000 1225.000000
1440.200000 1225.000000
1491.000000 1225.000000
1516.400000 1225.000000
1592.600000 1250.400000
1465.600000 1250.400000
1440.200000 1250.400000
1389.400000 1250.400000
1541.800000 1275.800000
1160.800000 1123.400000
1160.800000 1225.000000
1262.400000 1301.200000
1287.800000 1301.200000
1338.600000 1301.200000
1414.800000 1301.200000
1491.000000 1301.200000
1541.800000 1301.200000
1643.400000 1301.200000
1668.800000 1326.600000
1618.000000 1326.600000
1567.200000 1326.600000
1516.400000 1326.600000
1465.600000 1326.600000
1414.800000 1326.600000
1338.600000 1326.600000
1313.200000 1326.600000
1237.000000 1326.600000
1237.000000 1352.000000
1313.200000 1352.000000
1338.600000 1352.000000
1414.800000 1352.000000
1465.600000 1352.000000
1694.200000 1352.000000
1618.000000 1377.400000
1516.400000 1377.400000
1414.800000 1377.400000
1338.600000 1377.400000
1313.200000 1377.400000
1237.000000 1377.400000
1357.700000 1390.100000
1237.000000 1402.800000
1313.200000 1402.800000
1338.600000 1402.800000
1414.800000 1402.800000
1465.600000 1402.800000
1567.200000 1402.800000
1592.600000 1402.800000
1618.000000 1402.800000
1694.200000 1428.200000
1668.800000 1428.200000
1541.800000 1428.200000
1440.200000 1428.200000
1414.800000 1428.200000
1338.600000 1428.200000
1262.400000 1428.200000
1237.000000 1453.600000
1338.600000 1453.600000
1414.800000 1453.600000
1465.600000 1453.600000
1491.000000 1453.600000
1668.800000 1453.600000
1694.200000 1453.600000
1618.000000 1479.000000
1592.600000 1479.000000
1567.200000 1479.000000
1516.400000 1479.000000
1440.200000 1479.000000
1414.800000 1479.000000
1338.600000 1479.000000
1262.400000 1479.000000
1592.600000 1504.400000
1618.000000 1504.400000
1668.800000 1529.800000
1694.200000 1529.800000
1745.000000 1529.800000
1821.200000 1529.800000
1846.600000 1529.800000
1948.200000 1529.800000
1922.800000 1555.200000
1897.400000 1555.200000
1872.000000 1555.200000
1821.200000 1555.200000
1795.800000 1555.200000
1770.400000 1555.200000
1770.400000 1656.800000
1795.800000 1656.800000
1821.200000 1656.800000
1872.000000 1656.800000
1897.400000 1656.800000
1922.800000 1656.800000
1808.500000 1694.900000
1757.700000 1694.900000
1884.700000 1733.000000
1999.000000 1733.000000
2075.200000 1733.000000
2113.300000 1733.000000
2176.800000 1733.000000
2236.500000 1733.000000
2176.800000 1783.800000
2126.000000 1783.800000
2100.600000 1783.800000
2100.600000 1809.200000
2126.000000 1809.200000
2100.600000 1834.600000
2126.000000 1834.600000
2151.400000 1834.600000
2236.500000 1847.300000
1999.000000 1847.300000
1884.700000 1847.300000
2100.600000 1860.000000
2126.000000 1860.000000
2100.600000 1885.400000
2126.000000 1885.400000
2176.800000 1885.400000
2151.400000 1910.800000
2126.000000 1910.800000
2100.600000 1910.800000
2100.600000 1936.200000
2126.000000 1936.200000
2176.800000 1936.200000
2227.600000 1936.200000
2126.000000 1961.600000
2100.600000 1961.600000
1795.800000 1987.000000
1821.200000 1987.000000
1846.600000 1987.000000
1872.000000 1987.000000
1897.400000 1987.000000
1948.200000 1987.000000
2056.200000 1987.000000
2100.600000 1987.000000
2126.000000 1987.000000
2253.000000 1987.000000
2303.800000 1987.000000
2380.000000 1987.000000
2405.400000 1987.000000
2024.400000 1402.800000
2151.400000 1402.800000
2075.200000 1707.600000
2176.800000 1707.600000
2350.800000 1733.000000
2350.800000 1847.300000
3652.100000 1010.300000
3725.700000 1010.300000
3725.700000 1086.500000
3652.100000 1086.500000
3726.200000 1148.800000
3802.400000 1148.800000
3853.200000 1148.800000
3802.400000 1174.200000
3700.800000 1174.200000
3605.600000 1199.600000
3700.800000 1199.600000
3802.400000 1199.600000
3853.200000 1199.600000
4028.300000 1310.300000
3952.100000 1310.300000
3728.300000 1310.300000
3652.100000 1310.300000
3652.100000 1386.500000
3728.300000 1386.500000
3952.100000 1386.500000
4028.300000 1386.500000
3853.200000 1123.400000
3952.100000 1086.500000
4028.300000 1086.500000
4028.300000 1010.300000
3952.100000 1010.300000
