
4475.000000 8657.000000
4475.000000 8969.000000
4475.000000 9407.000000
4475.000000 9719.000000
5450.000000 10475.000000
5475.000000 9750.000000
5475.000000 8650.000000
4575.000000 8425.000000
5425.000000 3300.000000
5425.000000 3000.000000
5425.000000 2400.000000
5425.000000 2100.000000
5425.000000 1800.000000
6000.000000 2375.000000
6375.000000 2375.000000
6000.000000 3375.000000
6375.000000 3375.000000
6475.000000 4675.000000
6475.000000 4875.000000
6475.000000 5275.000000
6475.000000 5475.000000
6100.000000 6675.000000
6350.000000 6675.000000
6350.000000 7275.000000
6100.000000 7275.000000
6550.000000 7625.000000
5775.000000 8650.000000
6075.000000 8650.000000
6375.000000 8650.000000
6375.000000 9750.000000
6075.000000 9750.000000
5775.000000 9750.000000
6975.000000 9750.000000
6675.000000 9750.000000
6675.000000 8650.000000
6875.000000 8650.000000
6850.000000 7275.000000
6600.000000 7275.000000
6600.000000 6675.000000
6850.000000 6675.000000
7100.000000 5425.000000
7100.000000 5275.000000
7100.000000 5075.000000
7100.000000 4875.000000
7100.000000 4675.000000
6925.000000 3300.000000
6925.000000 3000.000000
6925.000000 2700.000000
6925.000000 2400.000000
6925.000000 2100.000000
6925.000000 1800.000000
7700.000000 3725.000000
7850.000000 3700.000000
7700.000000 4725.000000
7750.000000 7475.000000
8125.000000 7525.000000
8500.000000 7475.000000
8500.000000 8225.000000
7600.000000 9025.000000
8350.000000 9025.000000
7975.000000 9075.000000
8350.000000 9775.000000
9375.000000 11225.000000
9531.000000 11225.000000
9475.000000 10275.000000
9275.000000 10050.000000
10375.000000 9525.000000
9687.000000 11225.000000
9843.000000 11225.000000
9999.000000 11225.000000
10155.000000 11225.000000
10311.000000 11225.000000
10467.000000 11225.000000
10623.000000 11225.000000
10779.000000 11225.000000
10935.000000 11225.000000
11091.000000 11225.000000
11247.000000 11225.000000
11403.000000 11225.000000
11559.000000 11225.000000
11175.000000 9800.000000
11275.000000 9475.000000
10650.000000 9400.000000
11275.000000 9175.000000
11125.000000 5350.000000
11025.000000 4750.000000
11000.000000 4600.000000
11000.000000 3600.000000
11650.000000 3350.000000
11725.000000 4825.000000
12500.000000 5950.000000
11715.000000 11225.000000
11871.000000 11225.000000
12027.000000 11225.000000
12183.000000 11225.000000
12339.000000 11225.000000
12495.000000 11225.000000
12651.000000 11225.000000
12807.000000 11225.000000
12963.000000 11225.000000
13325.000000 6100.000000
13100.000000 4625.000000
12825.000000 3800.000000
12850.000000 2425.000000
13585.000000 1975.000000
13585.000000 2131.000000
13585.000000 2287.000000
13585.000000 2443.000000
13585.000000 2599.000000
13585.000000 2755.000000
13585.000000 2911.000000
13585.000000 3067.000000
13585.000000 3223.000000
13585.000000 3379.000000
13585.000000 9615.000000
13585.000000 9771.000000
13585.000000 9927.000000
13585.000000 10083.000000
13585.000000 10239.000000
13585.000000 10395.000000
13585.000000 10551.000000
13585.000000 10707.000000
13585.000000 10863.000000
13585.000000 11019.000000
