3600.000000 2300.000000
3100.000000 3300.000000
4700.000000 5750.000000
5400.000000 5750.000000
5608.000000 7103.000000
4493.000000 7102.000000
3600.000000 6950.000000
3100.000000 7250.000000
4700.000000 8450.000000
5400.000000 8450.000000
5610.000000 10053.000000
4492.000000 10052.000000
3600.000000 10800.000000
3100.000000 10950.000000
4700.000000 11650.000000
5400.000000 11650.000000
6650.000000 10800.000000
7300.000000 10950.000000
7300.000000 7250.000000
6650.000000 6950.000000
7300.000000 3300.000000
6650.000000 2300.000000
5400.000000 1600.000000
8350.000000 2300.000000
7850.000000 3300.000000
9450.000000 5750.000000
10150.000000 5750.000000
10358.000000 7103.000000
9243.000000 7102.000000
8350.000000 6950.000000
7850.000000 7250.000000
9450.000000 8450.000000
10150.000000 8450.000000
10360.000000 10053.000000
9242.000000 10052.000000
8350.000000 10800.000000
7850.000000 10950.000000
9450.000000 11650.000000
10150.000000 11650.000000
11400.000000 10800.000000
12050.000000 10950.000000
12050.000000 7250.000000
11400.000000 6950.000000
12050.000000 3300.000000
11400.000000 2300.000000
10150.000000 1600.000000
13100.000000 2300.000000
12600.000000 3300.000000
14200.000000 5750.000000
14900.000000 5750.000000
15108.000000 7103.000000
13993.000000 7102.000000
13100.000000 6950.000000
12600.000000 7250.000000
14200.000000 8450.000000
14900.000000 8450.000000
15110.000000 10053.000000
13992.000000 10052.000000
13100.000000 10800.000000
12600.000000 10950.000000
14200.000000 11650.000000
14900.000000 11650.000000
16150.000000 10800.000000
16800.000000 10950.000000
16800.000000 7250.000000
16150.000000 6950.000000
16800.000000 3300.000000
16150.000000 2300.000000
14900.000000 1600.000000
19800.000000 800.000000
19800.000000 10000.000000
19800.000000 11900.000000
19800.000000 12200.000000
200.000000 12200.000000
200.000000 1100.000000
200.000000 800.000000
